      time        CGC         HC     HC-CGC    ogm-ICM     ogm-KL   ogm-LF-1 DYNCC-HC-B DYNCC-HC-B-CGC DYNCC-HC-CGC DYNCC-HC-CGC-CGC DYNCC-HC-MC DYNCC-HC-MC-CGC DYNCC-WS-B DYNCC-WS-B-CGC DYNCC-WS-CGC DYNCC-WS-CGC-CGC DYNCC-WS-MC DYNCC-WS-MC-CGC     MCR-CC  MCR-CCFDB MCR-CCFDB-OWC MCI-CCFDB-CCIFD    MCI-CCI  MCI-CCIFD ogm-mcfusiondc-HC-MC-CGCF* ogm-mcfusiondc-WS-MC-CGCF* 
     0.125    -2794.6482        0.0000        0.0000        0.0000    -8187.1394        0.0000        0.0000        0.0000        0.0000        0.0000        0.0000        0.0000        0.0000        0.0000        0.0000        0.0000        0.0000        0.0000    -8187.1394    -8187.1394    -8187.1394    -8187.1394    -8187.1394    -8187.1394        0.0000        0.0000 
      0.25    -2794.6482        0.0000        0.0000        0.0000    -8187.1394        0.0000        0.0000        0.0000        0.0000        0.0000        0.0000        0.0000        0.0000        0.0000        0.0000        0.0000        0.0000        0.0000    -8187.1394    -8187.1394    -8187.1394    -8187.1394    -8187.1394    -8187.1394        0.0000        0.0000 
       0.5    -2794.6482  -119817.0021  -119817.0021        0.0000    -8187.1394        0.0000   -65184.4699        0.0000   -29819.4277   -29819.4277        0.0000        0.0000        0.0000        0.0000        0.0000        0.0000        0.0000        0.0000    -8187.1394    -8187.1394    -8187.1394    -8187.1394    -8187.1394    -8187.1394        0.0000        0.0000 
         1    -2794.6482  -119817.0021  -121635.4597        0.0000    -8187.1394        0.0000   -70016.4256        0.0000  -112172.3692  -112172.3692   -16786.4093   -16786.4093        0.0000        0.0000   -14934.6262        0.0000        0.0000        0.0000    -8187.1394    -8187.1394    -8187.1394    -8187.1394    -8187.1394    -8187.1394        0.0000        0.0000 
         2    -2794.6482  -119817.0021  -127097.2224        0.0000    -8187.1394        0.0000   -87042.3266        0.0000  -116546.6683  -114462.0802  -117641.9522  -117641.9522        0.0000        0.0000   -81397.8575   -81397.8575        0.0000        0.0000    -8187.1394    -8187.1394    -8187.1394    -8187.1394    -8187.1394    -8187.1394   -46472.2268        0.0000 
         4    -2794.6482  -119817.0021  -129310.0251        0.0000    -8187.1394        0.0000   -90642.5115        0.0000  -127380.7093  -127072.5258  -125720.0136  -125720.0136        0.0000        0.0000  -108515.4208  -108515.4208        0.0000        0.0000    -8187.1394    -8187.1394    -8187.1394    -8187.1394    -8187.1394    -8187.1394  -117641.9522        0.0000 
         8    -2794.6482  -119817.0021  -129356.2690        0.0000    -8187.1394        0.0000   -93071.9642        0.0000  -128752.0076  -128752.0076  -134735.3430  -134735.3430        0.0000        0.0000  -120129.0035  -120129.0035   -85713.2336   -85713.2336    -8187.1394    -8187.1394    -8187.1394    -8187.1394    -8187.1394    -8187.1394  -120258.2296        0.0000 
        16    -2794.6482  -119817.0021  -129785.5346        0.0000    -8187.1394        0.0000   -94007.0019        0.0000  -129659.6552  -129970.4705  -135942.0342  -135936.2387        0.0000        0.0000  -125822.4351  -125989.2782  -118929.6627  -118929.6627    -8187.1394    -8187.1394    -8187.1394    -8187.1394    -8187.1394    -8187.1394  -133902.5395        0.0000 
        32    -2794.6482  -119817.0021  -130746.8968        0.0000    -8187.1394        0.0000   -95243.2392        0.0000  -131722.4828  -131722.4828  -136278.6111  -136278.0824        0.0000        0.0000  -128369.2086  -128369.2086  -134286.6399  -134286.6399    -8187.1394    -8187.1394    -8187.1394    -8187.1394    -8187.1394    -8187.1394  -135708.7297        0.0000 
        64   -26824.5235  -119817.0021  -133165.9566        0.0000    -8187.1394        0.0000   -95693.2738        0.0000  -132648.0006  -132648.0006  -136392.7331  -136392.7014        0.0000        0.0000  -129312.3877  -129312.3877  -135939.6887  -135939.6887    -8187.1394    -8187.1394    -8187.1394    -8187.1394    -8187.1394    -8187.1394  -136219.3177  -114867.3142 
       128  -126090.7080  -119817.0021  -134897.5097        0.0000    -8187.1394        0.0000   -95693.2738        0.0000  -133102.9158  -133102.9158  -136445.7517  -136445.3613        0.0000   -91123.7394  -129483.3777  -129483.3777  -136298.3809  -136297.1223    -8187.1394    -8187.1394    -8187.1394    -8187.1394   -28988.8328   -30956.6282  -136380.0573  -118916.4617 
       256  -133216.1254  -119817.0021  -135858.3898        0.0000  -125347.8426        0.0000   -95693.2738        0.0000  -133186.2084  -134214.5862  -136457.2082  -136457.1361        0.0000  -114128.8587  -129601.9695  -129601.9695  -136413.5644  -136413.1737    -8187.1394    -8187.1394    -8187.1394    -8187.1394   -35898.1561   -33734.9718  -136435.9185  -134805.4970 
       512  -135897.2942  -119817.0021  -136202.6445        0.0000  -127018.9417        0.0000   -95693.2738   -69426.1054  -133245.7519  -136163.7583  -136457.2937  -136501.5295        0.0000  -135813.7139  -129900.7774  -131022.5507  -136462.9549  -136462.9549    -8187.1394    -8187.1394    -8187.1394    -8187.1394   -76692.0225   -78358.6533  -136454.4702  -136033.0315 
      1024  -136188.5451  -119817.0021  -136215.9863        0.0000  -127032.7003   -82991.6557   -95693.2738  -119331.0362  -133245.7519  -136346.4277  -136457.2937  -136507.8812        0.0000  -136191.2533  -129997.5034  -134341.3999  -136497.1516  -136497.1516   -20229.9359   -16726.3394   -16726.3394   -16726.3394  -122814.3153  -130667.0126  -136488.5113  -136317.5152 
      2048  -136188.5451  -119817.0021  -136216.8783  -119831.2009  -127032.7003  -126356.3545   -95693.2738  -136274.7137  -133245.7519  -136346.4277  -136457.2937  -136507.8812        0.0000  -136191.2533  -129997.5034  -136288.1460  -136510.4305  -136521.6491   -36907.8831   -36297.4978   -36297.4978   -36297.4978  -135349.9801  -136197.2684  -136507.8812  -136422.4919 
      4096  -136188.5451  -119817.0021  -136216.8783  -119831.2009  -127032.7003  -126356.3545   -95693.2738  -136274.7137  -133245.7519  -136346.4277  -136457.2937  -136507.8812        0.0000  -136191.2533  -129997.5034  -136288.1460  -136510.4305  -136521.6491   -36907.8831   -36297.4978   -36297.4978   -36297.4978  -135349.9801  -136197.2684  -136507.8812  -136422.4919 
