 Togm_CGC_planar Vogm_CGC_planar Togm_icm Vogm_icm Togm_kl Vogm_kl Togm_lf1 Vogm_lf1 Togm_mcfusion_HC_BASE Vogm_mcfusion_HC_BASE Togm_mcfusion_HC_BASE_CGCF Vogm_mcfusion_HC_BASE_CGCF Togm_mcfusion_HC_CGC Vogm_mcfusion_HC_CGC Togm_mcfusion_HC_CGC_CGCF Vogm_mcfusion_HC_CGC_CGCF Togm_mcfusion_HC_MC Vogm_mcfusion_HC_MC Togm_mcfusion_HC_MC_CGCF Vogm_mcfusion_HC_MC_CGCF Togm_mcfusion_WS_BASE Vogm_mcfusion_WS_BASE Togm_mcfusion_WS_BASE_CGCF Vogm_mcfusion_WS_BASE_CGCF Togm_mcfusion_WS_CGC Vogm_mcfusion_WS_CGC Togm_mcfusion_WS_CGC_CGCF Vogm_mcfusion_WS_CGC_CGCF Togm_mcfusion_WS_MC Vogm_mcfusion_WS_MC Togm_mcfusion_WS_MC_CGCF Vogm_mcfusion_WS_MC_CGCF TMC_CC VMC_CC TMC_CCFDB VMC_CCFDB TMC_CCFDB_OWC VMC_CCFDB_OWC TMC_CCFDB_CCIFD VMC_CCFDB_CCIFD TMC_CCI VMC_CCI TMC_CCIFD VMC_CCIFD 
 0.0867 0.5146 4.4402 639.1008 0.8338 295.8554 1.5259 639.1008 0.1324 1250.3797 0.1403 840.2432 0.8973 1.1325 0.8987 1.1325 1.7308 0.0001 1.7334 0.0001 0.0559 2412.2505 0.1774 13.3782 1.0277 1.1325 1.0704 1.1325 2.4630 1.1325 2.5396 1.1325 0.9355 0.0001 0.3281 0.0001 0.3422 0.0001 0.3220 0.0001 0.8058 0.0001 0.7180 0.0001 
 0.0528 0.0001 1.2734 208.6441 0.1272 79.5751 0.4447 208.6441 0.0690 555.3898 0.0722 387.9475 0.4566 0.0001 0.4580 0.0001 2.1652 0.0001 2.0556 0.0001 0.0297 1335.3489 0.0771 7.6123 0.2344 3.6540 0.2974 6.0733 0.7213 0.8903 0.8221 0.1169 0.3576 0.8824 0.1149 0.8824 0.1205 0.8824 0.2010 0.0001 0.3959 0.0001 0.4154 0.0001 
 0.0709 2.0088 1.5005 185.2491 0.5345 133.9992 0.5144 185.2491 0.0717 872.5108 0.0758 373.7941 0.5171 2.1835 0.5175 2.1835 7.4915 1.0249 7.4359 1.0249 0.0313 1439.5148 0.1130 7.0855 0.8897 0.0852 0.9158 0.0852 8.0286 0.0852 7.9474 0.0852 0.6417 3.9661 0.3845 3.9661 0.3926 3.9661 0.4978 0.0001 1.5397 0.0001 1.1698 0.0001 
 0.1363 1.2230 2.3790 355.4517 0.8865 246.3781 0.8229 355.4517 0.1038 1011.8476 0.1119 717.6315 1.2557 1.2660 1.2607 1.2660 2.2610 0.2062 2.2155 0.2062 0.0438 1433.6049 0.9017 42.9922 0.8954 1.8527 0.9509 1.8527 2.6754 1.1817 2.7873 1.1817 6.2375 0.0001 4.0288 0.0001 3.9536 0.0001 4.0299 0.0001 1.1470 0.0001 1.2929 0.0001 
 0.2655 0.9837 4.4613 289.8460 1.2688 251.4670 1.5469 289.8460 0.1511 1298.3933 0.1625 984.8399 1.1931 19.3849 1.2142 19.3849 10.4791 18.4491 10.3354 18.4491 0.0626 2040.6357 1.7667 42.5979 1.6477 15.7129 1.9692 15.7129 12.7052 15.6666 13.0512 15.6666 13.5654 17.9480 4.4323 17.9480 4.4446 17.9480 5.8946 0.0001 3.0546 0.0001 2.9657 0.0001 
 0.0556 0.0417 0.3685 72.8100 0.0285 27.1590 0.1295 72.8100 0.0397 438.4056 0.0417 323.6894 0.1161 0.0417 0.1174 0.0417 0.3236 0.0417 0.3250 0.0417 0.0162 609.5751 0.0734 4.1064 0.1172 0.3060 0.1402 0.0417 0.3630 0.3060 0.3942 0.0417 0.5720 4.8442 0.2782 4.8442 0.2874 4.8442 0.4578 0.0001 0.5953 0.0001 0.4012 0.0001 
 0.2594 3.2817 7.7643 398.9938 4.7798 334.3871 2.7020 398.9938 0.1762 1581.1166 0.1862 928.6498 1.8883 0.4353 1.8940 0.4353 4.5660 0.0001 4.6417 0.0001 0.0735 3734.5563 2.6832 31.3488 1.5174 9.1074 1.7106 7.4796 5.2836 1.5207 5.4188 0.4452 6.9419 3.9322 4.4066 3.9322 4.6587 3.9322 5.0450 0.0001 2.1170 0.0001 3.6667 0.0001 
 1.5190 11.3605 10.4478 291.8458 3.7552 213.9333 3.5184 291.8458 0.2236 1905.5258 0.2480 1288.3215 5.4043 3.5877 5.4488 3.5367 10.5329 2.8572 10.5970 2.8572 0.0917 3080.3042 10.9690 20.1066 3.5362 15.7373 5.5028 13.5804 12.2527 4.5193 14.4728 3.0235 39.9507 3.8452 21.7011 3.8452 22.1547 3.8452 22.8648 0.0001 3.7311 0.0001 5.6396 0.0001 
 0.4609 4.4560 3.7608 333.4688 1.6790 237.7896 1.2959 333.4688 0.1217 1200.6822 0.1326 685.4383 0.8530 3.3608 0.8652 2.6562 1.3177 1.7682 1.3298 1.7682 0.0514 2267.1135 1.8229 24.9651 1.1075 2.1744 1.4483 0.0001 2.1591 2.1288 2.5303 0.0001 6.9675 0.0001 3.4779 0.0001 3.2733 0.0001 3.2301 0.0001 2.8754 0.0001 1.9848 0.0001 
 0.3937 3.7580 2.9239 273.0384 1.5559 185.2846 0.9985 273.0384 0.1103 921.9555 0.1187 629.3435 0.6756 1.8269 0.6836 1.8269 2.3901 0.0001 2.4689 0.0001 0.0464 2010.5468 2.0927 22.7904 1.3498 5.4499 1.7322 2.4058 3.5001 0.2777 3.9005 0.0001 7.1923 4.4292 3.1976 4.4292 3.1980 4.4292 3.5248 0.0001 1.9891 0.0001 2.4022 0.0001 
 0.1095 0.0001 4.2256 272.6281 1.3431 174.8031 1.4184 272.6281 0.1166 1016.9420 0.1212 523.4610 0.6861 0.0001 0.6954 0.0001 0.8766 0.0001 0.9942 0.0001 0.0495 3472.4932 0.1467 3.8481 0.9427 1.1182 0.9816 0.5375 2.2019 1.1182 2.1752 0.5375 0.4171 0.0001 0.0934 0.0001 0.0939 0.0001 0.0956 0.0001 0.1313 0.0001 0.3897 0.0001 
 0.9853 3.5682 10.8667 326.5412 13.9417 171.8875 3.6484 326.4344 0.2000 1565.8537 0.2121 681.9923 3.1981 4.1580 3.2270 4.0802 9.5451 1.6860 9.8117 1.6860 0.0830 5396.8153 4.2875 12.8348 6.1494 4.9960 7.0823 4.9960 11.2905 4.8706 12.0317 3.6758 7.6953 3.8429 1.9107 3.8429 2.0872 3.8429 2.1777 0.0001 1.1769 0.0001 1.0240 0.0001 
 0.1111 3.7259 1.8223 290.4772 0.2322 216.5208 0.5919 287.7328 0.0937 845.9344 0.1058 587.1556 0.2897 5.0919 0.2930 5.0919 1.8061 5.0919 1.8925 5.0919 0.0409 1496.1339 0.5264 38.6213 0.3988 1.0866 0.5096 1.0866 1.2101 1.5643 1.3294 1.5643 9.0724 0.0001 5.3341 0.0001 5.2823 0.0001 5.3701 0.0001 4.2928 0.0001 3.1364 0.0001 
 0.0468 0.4310 1.4295 139.7467 0.2141 106.7475 0.4903 139.7467 0.0666 557.8909 0.0698 287.3984 0.2835 0.4310 0.2855 0.4310 2.3089 0.0001 2.3029 0.0001 0.0287 1662.0693 0.0695 8.0781 0.7056 0.4310 0.7221 0.4310 1.8331 0.0001 1.9900 0.0001 0.2664 1.2774 0.0638 1.2774 0.0705 1.2774 0.1050 0.0001 0.4311 0.0001 0.2514 0.0001 
 0.6566 18.6088 3.8639 277.5372 1.6317 243.7406 1.3003 277.5372 0.1377 1313.1919 0.1538 967.5036 0.9223 0.3248 0.9279 0.3248 5.0890 2.5302 4.9383 2.5302 0.0561 2133.8891 2.6748 40.3691 2.1376 2.7563 2.9494 2.7563 12.4313 3.7826 13.7545 3.7826 32.3864 15.3696 14.0752 15.3696 14.3358 15.3696 17.8882 0.0001 5.2659 0.0001 4.8298 0.0001 
 2.5768 3.3775 8.4143 391.8336 9.2791 99.9419 2.8332 390.8522 0.1895 1491.7642 0.2170 723.0011 4.4001 1.7166 4.4314 1.7166 11.0866 0.0001 11.2529 0.0001 0.0733 5355.1552 19.4433 5.7859 6.1579 4.3557 13.1390 0.7717 8.0408 3.7406 15.0818 0.1566 42.2454 11.3257 13.3053 11.3257 13.1753 11.3257 17.1281 0.0001 4.6640 0.0001 3.1348 0.0001 
 0.0165 0.0001 0.3226 116.1914 0.0174 61.5324 0.1100 116.1914 0.0328 276.3791 0.0344 171.7925 0.0704 0.0001 0.0715 0.0001 0.2870 0.0001 0.2934 0.0001 0.0139 544.9246 0.0493 4.7736 0.0780 0.0001 0.0861 0.0001 0.3465 0.0001 0.3537 0.0001 0.1276 0.0001 0.0834 0.0001 0.0838 0.0001 0.0838 0.0001 0.1068 0.0001 0.0566 0.0001 
 0.0224 0.0001 0.4890 131.4136 0.0438 69.6828 0.1751 131.4136 0.0422 438.8674 0.0438 327.2032 0.1572 5.7672 0.1583 5.7672 0.4092 5.7672 0.4185 5.7672 0.0182 920.3368 0.0411 1.3784 0.1612 0.0001 0.1717 0.0001 0.5125 0.0001 0.5280 0.0001 0.2245 0.0001 0.1478 0.0001 0.1498 0.0001 0.1599 0.0001 0.2982 0.0001 0.1671 0.0001 
 0.0718 0.9341 1.9609 289.6686 0.2331 71.0710 0.6663 289.6686 0.0880 616.5341 0.0912 396.6295 0.3400 1.3200 0.3410 1.3200 0.8039 0.2988 0.8146 0.2988 0.0364 1965.1105 0.0811 20.4185 0.4331 1.5294 0.4480 1.5294 1.0948 0.5083 1.1080 0.5083 0.2084 0.0001 0.0463 0.0001 0.0489 0.0001 0.0534 0.0001 0.1499 0.0001 0.1384 0.0001 
 0.1555 1.1906 2.5660 155.3873 0.6814 111.3440 0.8686 160.4920 0.1003 959.2012 0.1060 593.3053 1.0637 0.0001 1.0728 0.0001 4.7160 0.0001 4.7801 0.0001 0.0419 1625.1369 0.2856 7.9900 0.8734 0.5086 0.9503 0.4522 7.9151 0.0565 7.5871 0.0001 1.9855 2.9020 1.1025 2.9020 1.0632 2.9020 1.2290 0.0001 0.7595 0.0001 1.0655 0.0001 
 0.2735 3.6329 11.9071 500.0141 1.7951 257.8307 3.9641 499.8820 0.2198 1794.0375 0.2311 1087.3921 2.8873 0.6631 2.9408 0.6631 3.8553 1.7469 3.9109 1.7469 0.0894 5003.7147 0.3867 20.8969 3.0259 1.6874 3.0842 0.8492 4.5651 4.8219 4.9337 0.0519 1.5601 2.0467 0.5744 2.0467 0.5912 2.0467 0.8038 0.0001 1.0438 0.0001 1.2675 0.0001 
 0.2263 2.1592 7.1807 320.0533 5.0059 251.4270 2.5052 320.0533 0.1700 1368.2695 0.1788 798.1389 0.9177 0.0001 0.9300 0.0001 4.5892 0.0001 4.6356 0.0001 0.0701 3463.4591 1.2019 14.7036 1.8265 1.4548 1.9442 1.4548 7.8731 2.0366 8.1779 2.0366 4.9965 2.9963 2.3703 2.9963 2.1780 2.9963 2.3697 0.0001 2.1421 0.0001 1.5482 0.0001 
 0.2194 3.4082 3.9818 237.5712 2.4585 184.5049 1.3446 237.5712 0.1364 974.3852 0.1498 610.0736 0.5636 7.2571 0.5697 7.2571 3.4475 0.0001 3.3877 0.0001 0.0566 2076.6973 0.8468 29.9578 1.0244 1.1482 1.1694 1.1482 6.3224 1.1482 6.8588 1.1482 7.7995 2.6392 3.9992 2.6392 4.0965 2.6392 4.3573 0.0001 4.7309 0.0001 2.9483 0.0001 
 0.0993 0.1107 4.0988 283.6540 0.6826 113.6136 1.3840 283.6540 0.1184 939.2180 0.1249 478.5750 0.6235 0.0001 0.6271 0.0001 1.1290 0.0001 1.0874 0.0001 0.0509 2731.2573 0.1863 8.7655 0.8690 1.6155 0.9133 0.1252 1.4109 1.5101 1.4607 0.0198 0.4072 1.0342 0.1373 1.0342 0.1517 1.0342 0.3521 0.0001 0.5363 0.0001 0.5904 0.0001 
 0.2031 6.1293 3.9119 440.3779 2.2919 252.2358 1.3902 440.3779 0.1179 1145.4792 0.1245 643.2969 1.4735 0.3494 0.3229 20.1386 4.1024 0.3220 4.0675 0.3220 0.0497 3057.5365 0.1990 16.4754 0.8197 2.3581 0.8591 1.1701 5.4683 1.2155 5.4058 0.0274 1.1734 4.7932 0.5181 4.7932 0.5326 4.7932 0.5582 0.0001 1.4107 0.0001 1.2492 0.0001 
 0.2965 0.0001 1.7030 164.9416 0.3305 127.5918 0.5672 164.9416 0.0792 850.8603 0.0820 486.8710 0.8835 0.0001 0.8839 0.0001 2.8830 0.0001 2.8936 0.0001 0.0343 1825.5385 0.3019 4.0969 0.7005 2.1562 0.7459 2.1562 1.0363 2.8883 1.0670 2.8883 1.1435 1.8264 0.7247 1.8264 0.7379 1.8264 0.9813 0.0001 0.5896 0.0001 0.3985 0.0001 
 0.1840 3.5921 3.1628 277.7026 0.7597 155.0202 1.0850 277.7026 0.1077 1013.8494 0.1137 549.6153 1.2641 0.0001 1.2684 0.0001 9.1887 0.0001 9.2042 0.0001 0.0448 2490.7023 0.1694 16.9373 1.1053 1.7919 1.1789 1.4982 4.4945 0.2937 4.4810 0.0001 1.4568 2.6106 0.6082 2.6106 0.6289 2.6106 0.6476 0.0001 0.5482 0.0001 0.5118 0.0001 
 0.2430 4.4499 2.8607 246.8057 0.7912 177.4246 0.9951 246.8057 0.1094 908.2668 0.1171 600.0218 1.2734 6.5742 1.2807 6.5742 34.4727 3.5022 35.1300 3.5022 0.0454 1961.4977 0.9350 33.0712 1.3787 0.4092 1.5225 0.4092 24.8960 0.0754 25.0995 0.0754 5.8045 11.7944 2.8911 11.7944 3.1064 11.1245 3.0862 0.0001 1.8405 0.0001 1.5344 0.0001 
 0.0370 0.0001 0.3035 24.2629 0.0461 1.0661 0.0959 24.2629 0.0325 220.2118 0.0340 146.1522 0.0762 0.0001 0.0766 0.0001 0.4532 0.0001 0.4362 0.0001 0.0121 480.2889 0.0519 0.0632 0.0686 1.8078 0.0822 0.0001 0.5727 1.8078 0.5873 0.0001 0.1611 2.4108 0.0465 2.4108 0.0514 2.4108 0.1068 0.0001 0.0808 0.0001 0.1612 0.0001 
 0.6529 2.1789 10.7785 321.3411 3.7137 241.1343 3.5842 318.6293 0.2310 1806.4519 0.2482 1206.2683 1.4379 1.1805 1.4470 1.1805 7.6654 0.0001 7.8481 0.0001 0.0915 3250.1924 1.3729 16.2938 3.3619 1.8889 4.0025 1.2759 15.3940 1.0572 15.9035 0.0001 21.6763 2.2541 11.4832 2.2541 11.4563 2.2541 11.7182 0.0001 2.7094 0.0001 2.8341 0.0001 
 0.3316 3.6608 1.5190 139.6507 0.5770 78.8487 0.5200 139.6507 0.0832 785.4180 0.1033 427.4578 0.6447 0.8983 0.6502 0.8983 7.1468 0.5571 7.5568 0.5571 0.0359 1427.8936 1.4233 28.4601 0.9478 3.8917 1.4842 3.4820 2.9284 6.0667 3.2917 4.4185 8.5191 32.3738 4.8305 32.3738 4.7485 32.3738 5.4313 0.0001 5.2239 0.0001 4.2927 0.0001 
 1.7842 16.3101 17.4754 382.8626 4.1985 345.9229 5.8878 382.8626 0.3096 2688.3024 0.3375 1740.0721 13.4192 15.5503 13.5744 15.5503 38.4010 2.2677 37.9242 2.2677 0.1241 3620.3523 27.7896 60.6941 18.8221 15.9192 19.4506 14.6372 43.6289 3.5603 44.4816 2.0560 128.4997 34.8698 76.8266 34.8698 77.2945 34.8698 99.3024 0.0001 41.6359 0.0001 45.4083 0.0001 
 0.2693 11.4184 10.7302 572.9172 4.5893 443.2392 3.6404 572.9172 0.2045 1892.7461 0.2141 1004.4303 2.4331 2.2315 2.4545 2.2315 2.0731 0.3794 2.0509 0.3794 0.0851 4532.5023 0.3806 49.8756 3.5183 4.3246 3.5951 4.3246 5.4855 1.7911 5.7153 0.3794 4.4336 0.0001 1.9853 0.0001 1.8851 0.0001 1.9890 0.0001 2.5475 0.0001 2.9261 0.0001 
 0.1161 1.1996 2.1766 254.4234 0.4682 172.2375 0.7469 254.4234 0.0902 661.9700 0.0954 444.6699 0.5663 0.2551 0.5669 0.2551 13.5676 0.2551 13.6853 0.2551 0.0397 1978.7461 0.2167 21.3350 0.5742 4.2336 0.6385 1.6320 16.9623 1.0646 17.3393 1.0646 2.3601 2.5049 1.4526 2.5049 1.4586 2.0702 1.6800 0.0001 2.7419 0.0001 2.4093 0.0001 
 0.0113 0.0001 0.2002 99.6530 0.0095 26.1762 0.0694 99.6530 0.0260 216.4466 0.0283 186.3499 0.1363 0.0001 0.1373 0.0001 0.5548 0.0001 0.5188 0.0001 0.0109 559.3864 0.0220 9.3546 0.1223 0.9474 0.1274 0.9474 0.9810 0.9474 1.0572 0.9474 0.0820 2.5521 0.0317 2.5521 0.0351 2.5521 0.0572 0.0001 0.0609 0.0001 0.1893 0.0001 
 0.2857 4.9913 3.3031 228.9722 2.2692 93.4612 1.1178 228.9722 0.1146 949.8115 0.1213 581.4230 0.9852 0.0001 0.9925 0.0001 8.0937 0.0001 8.4365 0.0001 0.0480 2148.0983 0.3375 15.1189 1.1651 0.3089 1.2462 0.3089 8.2554 1.4827 8.3579 0.2843 3.5358 4.9760 1.7092 4.9760 1.7071 2.7484 1.8246 0.0001 0.8387 0.0001 1.3675 0.0001 
 0.0073 0.0001 0.0655 32.9808 0.0022 9.4093 0.0249 32.9808 0.0138 123.5104 0.0149 79.9777 0.0376 0.0001 0.0377 0.0001 0.2103 0.0001 0.2128 0.0001 0.0053 222.8809 0.0101 0.0001 0.0354 0.0001 0.0370 0.0001 0.5477 0.0001 0.4355 0.0001 0.0382 0.0001 0.0187 0.0001 0.0181 0.0001 0.0189 0.0001 0.0738 0.0001 0.0727 0.0001 
 0.0812 0.1799 1.4675 240.2529 0.3425 118.4436 0.5058 240.2529 0.0744 672.3054 0.0779 456.2845 0.2137 0.1799 0.2159 0.1799 0.4254 0.0001 0.5275 0.0001 0.0318 1875.3734 0.0964 4.2789 0.3878 1.5126 0.4204 0.1697 0.5723 5.5845 0.5836 0.0001 0.4015 0.0001 0.0690 0.0001 0.0683 0.0001 0.0695 0.0001 0.1487 0.0001 0.1046 0.0001 
 0.1751 2.4248 5.7892 377.5730 1.0542 336.7268 1.9150 377.5730 0.1587 1273.5698 0.1706 884.2098 0.9252 2.9421 0.9308 2.9421 4.6136 2.8877 4.7095 2.8877 0.0666 2366.1357 0.8461 58.4621 1.3137 11.1504 1.4466 8.1699 6.8291 5.4184 7.2055 2.6256 6.1896 3.5682 3.1243 3.5682 3.2808 3.5682 5.2180 0.0001 20.8228 0.0001 10.7324 0.0001 
 0.0526 6.1547 0.7251 189.6288 0.0866 121.4400 0.2593 189.6288 0.0460 579.7266 0.0480 240.5562 0.2288 1.2057 0.2295 1.2057 0.3864 0.0001 0.3836 0.0001 0.0195 1484.0891 0.0441 11.3647 0.3111 2.9290 0.3216 1.1364 0.6761 3.6557 0.7670 1.8631 0.1774 0.0001 0.0807 0.0001 0.0798 0.0001 0.0810 0.0001 0.0606 0.0001 0.1263 0.0001 
 0.0411 0.3053 1.7142 174.3610 0.0858 46.6291 0.5839 174.9539 0.0744 726.4438 0.0775 346.8341 0.2642 0.0001 0.2654 0.0001 0.5186 0.0001 0.5207 0.0001 0.0315 1985.2762 0.0657 4.0074 0.3585 0.0736 0.3738 0.0736 0.8096 0.0736 0.8315 0.0736 0.1888 0.0001 0.0606 0.0001 0.0637 0.0001 0.0608 0.0001 1.5959 0.0001 0.5752 0.0001 
 0.0845 0.1099 3.4258 280.7952 0.5618 104.7474 1.1542 280.7952 0.1084 865.8797 0.1133 518.2746 0.4044 0.0001 0.4054 0.0001 3.6907 0.0001 3.8670 0.0001 0.0464 2447.0087 0.0937 6.3206 0.8261 0.1659 0.8483 0.0001 5.6850 0.1659 5.4060 0.0001 0.2688 0.8008 0.1012 0.8008 0.1158 0.8008 0.1709 0.0001 0.4593 0.0001 0.3470 0.0001 
 0.0077 16.1615 1.2030 96.9632 0.2791 75.1955 0.4190 96.9632 0.0645 585.0149 0.0673 372.9931 0.2159 0.0001 0.2179 0.0001 0.4384 0.0001 0.4356 0.0001 0.0276 1528.4338 0.0779 0.4062 0.4094 0.1582 0.4297 0.0001 0.7714 0.5101 0.8014 0.3518 0.1976 0.0001 0.0601 0.0001 0.0611 0.0001 0.0609 0.0001 0.0836 0.0001 0.0717 0.0001 
 0.0606 0.6638 1.9877 156.9090 0.1310 38.6137 0.6753 156.9090 0.0783 655.6556 0.0810 408.2920 0.5001 1.0405 0.5021 1.0405 1.1263 0.0001 1.1051 0.0001 0.0345 2479.5862 0.0743 9.3105 0.7603 0.3513 0.7872 0.3513 1.4740 0.3513 1.5065 0.3513 0.1215 0.0001 0.0321 0.0001 0.0322 0.0001 0.0320 0.0001 0.0643 0.0001 0.1279 0.0001 
 0.3906 0.2389 5.2265 250.2297 1.1538 212.2471 1.7760 250.2297 0.1659 1540.6158 0.1935 948.9366 1.1584 8.6065 1.1687 8.6065 17.6937 1.2073 17.5336 1.2073 0.0688 1993.9158 6.3342 30.4608 1.7884 6.2833 2.1778 4.0822 10.4676 5.5753 10.6915 4.4915 60.1915 8.4492 27.1372 8.4492 27.3362 8.4492 28.5262 0.0001 10.4826 0.0001 7.6344 0.0001 
 0.0503 0.0415 0.4809 70.0935 0.0315 72.6539 0.1650 70.0935 0.0467 377.9446 0.0491 285.6047 0.2128 1.5108 0.2141 1.5108 5.8886 2.4333 5.6807 2.4333 0.0193 575.7214 0.2608 13.5618 0.2641 2.3677 0.3034 2.3677 8.3621 0.6600 8.2561 0.6600 1.2400 8.1518 1.0508 8.1518 1.0458 8.1518 1.5110 0.0001 0.5538 0.0001 0.6636 0.0001 
 0.2320 0.0001 6.3891 280.7907 1.6914 141.9562 2.1368 278.6044 0.1595 1306.4428 0.1710 708.8766 1.6220 5.3490 1.6422 5.3490 1.9756 4.7154 1.9841 4.7154 0.0656 2784.8899 2.3255 10.6069 1.3537 8.5339 1.7812 5.3718 2.4547 6.2574 2.6102 6.2574 3.5948 0.0001 1.9128 0.0001 1.7385 0.0001 1.8778 0.0001 0.6786 0.0001 1.2825 0.0001 
 0.6651 5.6047 12.1599 525.5957 5.2412 418.8268 4.1327 525.5957 0.2303 1969.8860 0.2471 1252.9565 4.1611 3.3098 4.2389 3.3098 15.0976 0.0001 15.1774 0.0001 0.0974 3553.0163 5.9330 77.6943 4.0764 3.3078 4.2783 2.1976 17.0926 3.2458 17.3132 2.1356 32.0210 11.1729 16.5599 11.1729 16.0120 11.1729 16.8211 0.0001 3.5484 0.0001 6.6893 0.0001 
 0.1100 0.1066 4.5876 238.1161 0.7914 105.7655 1.5808 238.1161 0.1232 1007.9411 0.1294 475.9988 1.0221 0.1066 1.0280 0.1066 7.7787 0.0001 7.8151 0.0001 0.0523 3601.1109 0.1704 6.8221 1.9961 0.0001 2.0390 0.0001 8.0904 3.8249 8.2464 3.8249 0.6359 4.3859 0.2941 4.3859 0.3243 3.3750 0.4507 0.0001 0.8167 0.0001 0.9080 0.0001 
 0.0119 0.0001 0.1881 158.1385 0.0141 56.6054 0.0651 158.1385 0.0262 238.4712 0.0275 179.7766 0.0562 0.2779 0.0568 0.2779 0.2137 0.2779 0.2187 0.2779 0.0106 457.1938 0.0201 2.3585 0.0606 1.6513 0.0660 0.2779 0.2438 1.6513 0.2586 0.2779 0.0611 0.0001 0.0333 0.0001 0.0337 0.0001 0.0341 0.0001 0.0608 0.0001 0.0579 0.0001 
 0.2727 3.3582 3.6716 401.5346 0.6965 165.7118 1.1651 401.5346 0.1218 1025.6453 0.1280 669.8723 0.8127 1.9592 0.8170 1.9592 28.6533 0.6303 28.2195 0.6303 0.0503 2414.0657 0.6802 23.4771 0.9570 5.0864 1.0422 5.0864 19.8368 4.8474 19.3691 4.8474 2.0816 9.0984 1.0807 9.0984 1.1466 9.0984 1.5125 0.0001 1.4944 0.0001 1.0294 0.0001 
 0.3191 1.6111 8.2702 364.4839 2.1836 292.8560 2.7587 364.2877 0.1827 1532.8998 0.1922 870.9613 2.9042 0.9654 2.9094 0.9654 27.7088 0.0001 27.8786 0.0001 0.0768 4311.5426 0.4651 17.2878 1.6021 2.8226 1.7162 1.4356 19.8491 0.7484 20.5294 0.2955 8.3522 3.1403 7.7359 3.1403 7.9832 3.1403 8.3662 0.0001 1.7537 0.0001 2.9072 0.0001 
 0.0249 0.0669 0.4109 103.3471 0.0385 51.7213 0.1464 103.3471 0.0377 315.6127 0.0399 184.2723 0.0965 0.0669 0.0974 0.0669 1.5647 0.0001 1.7021 0.0001 0.0156 822.4879 0.0519 2.2350 0.1428 0.0669 0.1582 0.0669 1.2158 0.0001 1.1082 0.0001 0.1662 1.7513 0.0716 1.7513 0.0735 1.7513 0.1103 0.0001 0.0552 0.0001 0.1716 0.0001 
 0.0191 0.0001 0.1627 80.7739 0.0114 26.6833 0.0555 80.7739 0.0265 291.4034 0.0294 149.6121 0.0486 0.0001 0.0495 0.0001 0.1926 0.0001 0.1920 0.0001 0.0106 500.6578 0.0400 1.6581 0.0554 2.2657 0.0695 0.0001 0.3008 2.2657 0.3272 0.0001 0.0452 0.0001 0.0169 0.0001 0.0167 0.0001 0.0177 0.0001 0.0216 0.0001 0.0171 0.0001 
 0.0768 1.9744 2.2718 319.2945 0.7052 191.2223 0.8044 319.2945 0.0892 755.1019 0.0930 418.2302 0.7085 0.4772 0.7107 0.4772 5.6568 0.4772 6.0037 0.4772 0.0374 1958.0504 0.1176 22.9751 0.4932 2.9778 0.5174 2.1367 4.5303 1.4173 4.5902 0.9844 0.9090 4.9061 0.2811 4.9061 0.2946 4.9061 0.7924 0.0001 0.8717 0.0001 1.0059 0.0001 
 0.2964 1.0294 5.7017 302.2677 2.5084 132.3456 1.9068 302.2677 0.1471 1365.4483 0.1564 912.6545 0.7508 0.9334 0.7559 0.9334 7.9379 0.5931 7.8535 0.5931 0.0609 2970.0063 1.6110 19.2973 1.3709 0.9334 1.5634 0.9334 6.6525 0.0001 6.7091 0.0001 3.0811 4.7795 1.4042 4.7795 1.3240 4.7795 1.5764 0.0001 2.4708 0.0001 1.9248 0.0001 
 1.5607 5.4121 13.6830 254.8337 4.7129 234.0724 4.5094 254.8337 0.2794 2378.4418 0.2959 1882.2455 4.4917 0.0670 4.5512 0.0670 3.6086 0.0001 3.6549 0.0001 0.1145 3232.6985 6.7314 13.4464 3.6678 8.6121 9.0470 0.0670 3.8118 5.1540 7.3943 0.0001 43.3990 1.3484 24.0907 1.3484 22.9544 1.3484 24.7063 0.0001 4.7678 0.0001 6.1828 0.0001 
 0.2346 3.6829 3.1494 216.7678 1.3085 144.1090 1.0474 216.7678 0.1117 1039.2021 0.1193 520.6872 0.6398 0.8667 0.6457 0.8667 1.5016 0.8667 1.4941 0.8667 0.0471 2405.3759 0.3866 14.8309 1.0067 0.8667 1.0757 0.8667 1.8723 0.0001 1.9313 0.0001 1.6709 0.0001 0.8088 0.0001 0.8092 0.0001 0.8143 0.0001 1.3763 0.0001 1.1376 0.0001 
 0.0963 0.0001 0.7708 280.5715 0.1130 108.2842 0.2658 280.5715 0.0576 563.4572 0.0625 400.4655 0.2183 0.0001 0.2210 0.0001 0.4653 0.0001 0.4772 0.0001 0.0246 1279.1784 0.1723 6.8293 0.2657 1.5789 0.3171 1.5789 0.7222 0.0321 0.7731 0.0321 0.5315 0.0001 0.3815 0.0001 0.3801 0.0001 0.3751 0.0001 0.1321 0.0001 0.1710 0.0001 
 0.0909 0.0163 0.6673 183.1346 0.0582 117.3212 0.2274 183.1346 0.0500 489.0804 0.0523 393.5671 0.1908 0.0001 0.1928 0.0001 0.3839 0.0001 0.3937 0.0001 0.0221 1042.4609 0.1003 3.7187 0.1730 0.0001 0.2111 0.0001 0.9979 0.0001 1.0782 0.0001 0.6020 0.4478 0.3797 0.4478 0.3873 0.4478 0.4246 0.0001 0.4509 0.0001 0.4395 0.0001 
 0.0222 0.8433 0.4864 126.5936 0.0544 65.4733 0.1805 126.5936 0.0385 299.5355 0.0400 195.7549 0.1417 0.0001 0.1423 0.0001 0.3341 0.0001 0.3432 0.0001 0.0160 1051.0303 0.0327 7.7977 0.2460 0.8267 0.2526 0.8267 0.5177 0.1475 0.5272 0.1475 0.1294 0.0001 0.0348 0.0001 0.0349 0.0001 0.0343 0.0001 0.0527 0.0001 0.0890 0.0001 
 0.0393 1.6342 0.4232 61.4782 0.0803 29.5096 0.1409 61.4782 0.0383 323.8670 0.0415 155.9579 0.1190 1.6342 0.1204 1.6342 0.8032 0.0001 0.7106 0.0001 0.0149 680.7368 0.1220 0.4887 0.1336 0.4887 0.1668 0.4887 0.9452 0.0001 1.0394 0.0001 0.4838 5.9890 0.2079 5.9890 0.2113 5.9890 0.2388 0.0001 0.2794 0.0001 0.2958 0.0001 
 0.0622 0.0001 1.6860 185.6711 0.1343 39.0232 0.5562 185.6711 0.0707 356.1923 0.0729 201.5432 0.2887 0.0001 0.2900 0.0001 0.3990 0.0001 0.4024 0.0001 0.0321 3061.6252 0.0744 1.2745 0.3909 4.6792 0.4081 0.0001 0.5602 4.6792 0.5696 4.0092 0.3108 0.0001 0.0459 0.0001 0.0458 0.0001 0.0455 0.0001 0.1006 0.0001 0.0980 0.0001 
 0.4266 4.6074 9.3427 401.3110 4.4071 355.5836 3.1075 401.3110 0.2060 1649.2625 0.2172 1088.3076 2.3921 1.5062 2.4313 1.5062 4.0184 0.0001 4.0664 0.0001 0.0853 3244.0539 1.5755 12.4447 3.6719 1.0972 3.9496 1.0972 12.1756 0.5350 12.6174 0.0001 19.1224 13.6361 8.4099 13.6361 8.5967 13.6361 9.7437 0.0001 6.0611 0.0001 4.8964 0.0001 
 0.1175 1.1845 2.4607 280.0508 0.7308 236.3732 0.8266 280.0508 0.1004 822.8365 0.1037 617.0742 0.5105 0.0001 0.5164 0.0001 0.5344 0.0001 0.5420 0.0001 0.0415 1802.6215 0.1893 6.2872 0.3765 0.6385 0.4327 0.1348 1.0832 0.6385 1.1217 0.1348 1.3809 0.0001 0.6738 0.0001 0.6588 0.0001 0.6701 0.0001 0.4474 0.0001 0.6689 0.0001 
 0.1872 4.3901 2.6786 283.7393 0.9994 226.6512 0.9094 283.7393 0.1088 848.9778 0.1146 571.7639 0.8773 0.4151 0.8879 0.4151 9.7625 0.0001 10.0379 0.0001 0.0456 1671.1445 0.2628 9.5258 0.5834 0.9955 0.6692 0.0210 8.7005 0.0210 8.8314 0.0210 3.5876 2.6523 1.6262 2.6523 1.6121 2.6523 1.7077 0.0001 1.8446 0.0001 1.2605 0.0001 
 0.0044 0.0001 0.0365 49.7288 0.0032 3.8536 0.0127 49.7288 0.0106 103.2636 0.0111 36.3114 0.0301 0.0001 0.0303 0.0001 0.1644 0.0001 0.1577 0.0001 0.0040 529.5961 0.0061 0.0001 0.0252 0.0001 0.0263 0.0001 0.1717 0.0001 0.1761 0.0001 0.0036 0.0001 0.0013 0.0001 0.0014 0.0001 0.0013 0.0001 0.0055 0.0001 0.0052 0.0001 
 0.3924 9.3350 11.3097 651.9801 3.3195 512.4229 4.0560 651.9801 0.2079 2060.5972 0.2178 1099.0888 1.9415 5.3247 1.9743 5.3247 11.2911 0.0001 11.4966 0.0001 0.0884 4132.6939 4.1302 44.9528 3.4043 11.1917 3.5306 3.3888 13.4774 8.0628 13.4156 4.5424 15.5540 32.5901 9.5702 32.5901 9.5107 32.5901 10.8229 0.0001 6.7954 0.0001 5.7162 0.0001 
 0.3099 4.9834 5.6086 341.9490 1.9683 232.1238 1.9131 341.9490 0.1581 1544.2046 0.1667 897.8018 0.9506 4.3602 0.9593 4.3602 4.9014 3.2947 4.9461 3.2947 0.0656 2539.1072 0.8422 13.9760 1.4812 1.9394 1.6235 1.2996 11.7414 0.0539 12.1409 0.0539 7.9510 5.8134 3.4122 5.8134 3.3649 5.8134 3.7898 0.0001 4.0571 0.0001 2.8142 0.0001 
 0.2004 1.3724 2.1386 171.8708 0.5655 79.3074 0.7375 171.8708 0.0858 710.7759 0.0891 389.8189 0.5145 0.0001 0.5181 0.0001 0.8238 0.0001 0.8201 0.0001 0.0369 2325.0308 0.1211 22.9364 0.6338 1.0993 0.6988 0.7991 1.6717 0.0001 1.7639 0.0001 0.4258 0.0001 0.1040 0.0001 0.1039 0.0001 0.1034 0.0001 0.2044 0.0001 0.2681 0.0001 
 0.0369 0.0001 0.8540 121.9624 0.1101 75.4646 0.2898 124.2203 0.0509 468.8731 0.0529 301.3063 0.1654 0.0001 0.1674 0.0001 0.3595 0.0001 0.3572 0.0001 0.0214 1242.4239 0.0473 4.1313 0.1714 0.0001 0.1828 0.0001 0.4375 0.0001 0.4668 0.0001 0.1790 0.0001 0.0311 0.0001 0.0314 0.0001 0.0313 0.0001 0.0690 0.0001 0.0539 0.0001 
 0.3225 4.4473 4.9946 266.8302 1.1165 235.2172 1.6429 267.5752 0.1552 1373.9698 0.1660 981.5667 0.6544 0.3661 0.6622 0.3661 0.9070 0.0001 0.9129 0.0001 0.0638 2535.1159 0.7210 12.2408 0.9980 0.0001 1.1536 0.0001 1.5687 0.0337 1.6968 0.0001 12.0716 0.0001 7.3370 0.0001 7.8346 0.0001 7.1729 0.0001 2.2913 0.0001 1.6381 0.0001 
 0.3758 5.4661 8.8373 517.3704 2.7900 420.1618 3.0061 517.3704 0.2076 1601.5801 0.2303 967.5223 3.2195 3.7869 3.2169 3.7869 6.5995 2.4001 6.7146 2.4001 0.0859 2744.6442 1.3094 65.5436 2.1914 20.7140 2.3792 8.7133 18.0980 14.5605 18.4651 8.0556 28.8093 21.6274 16.6353 21.6274 17.4032 21.6274 18.0842 0.0001 4.8180 0.0001 5.8738 0.0001 
 0.2241 2.4255 2.5397 309.3190 0.8671 238.6621 0.9189 309.3190 0.1060 994.5724 0.1170 571.5689 0.4191 1.7382 0.4257 1.7382 0.8027 0.0001 0.8004 0.0001 0.0444 2036.3301 0.5514 6.7086 0.5718 0.0001 0.7733 0.0001 1.4147 0.0001 1.6964 0.0001 1.9096 0.0001 1.2545 0.0001 1.3260 0.0001 1.2249 0.0001 0.3022 0.0001 0.4324 0.0001 
 0.0715 0.2904 2.6377 223.4611 0.7008 125.1651 0.8936 224.1659 0.0978 820.2462 0.1017 503.4303 0.4219 0.0001 0.4248 0.0001 2.3507 0.0001 2.2314 0.0001 0.0406 2405.6495 0.0935 10.5198 0.6100 1.2015 0.6273 0.0001 2.5638 0.7668 2.6558 0.0001 0.5265 2.3682 0.1290 2.3682 0.1415 2.3682 0.2821 0.0001 0.3403 0.0001 0.3867 0.0001 
 0.0462 0.0001 0.7091 198.8382 0.0581 92.5884 0.2409 198.8382 0.0499 655.9877 0.0530 455.4080 0.3357 0.0001 0.3371 0.0001 0.8104 0.0001 0.8157 0.0001 0.0198 1010.9495 0.0565 7.7803 0.2077 2.6113 0.2255 0.5840 0.6099 6.6330 0.6032 2.0297 0.3567 0.0001 0.1265 0.0001 0.1259 0.0001 0.1263 0.0001 0.0865 0.0001 0.2593 0.0001 
 0.3217 0.0001 3.3958 204.9721 0.2782 158.7715 1.0673 204.9721 0.1477 1266.1875 0.1600 1060.0965 0.3168 11.6759 0.3267 11.6759 0.6304 11.6759 0.6458 11.6759 0.0586 2248.3522 0.6881 4.7455 0.2755 0.0001 0.4461 0.0001 1.4414 0.0001 1.5327 0.0001 17.0622 4.0226 11.6246 4.0226 11.7367 4.0226 11.6555 0.0001 14.5314 0.0001 10.2855 0.0001 
 0.0952 3.1011 1.6426 448.0850 0.1726 236.3305 0.5546 448.0850 0.0811 931.8143 0.0901 580.5737 0.4739 2.4876 0.4767 2.1221 1.6911 0.0001 1.6878 0.0001 0.0354 1477.6420 0.2122 5.5343 0.5726 0.0001 0.6179 0.0001 3.2778 0.3969 3.5614 0.3494 1.8673 10.1473 1.3522 10.1473 1.3745 10.1473 1.6013 0.0001 2.7781 0.0001 2.0410 0.0001 
 0.0163 1.5518 0.2653 80.3984 0.0213 21.3214 0.0940 80.3984 0.0263 247.9451 0.0273 122.2107 0.1372 0.0001 0.1375 0.0001 0.2506 0.0001 0.2505 0.0001 0.0113 1206.0307 0.0227 4.6795 0.1427 1.1108 0.1481 1.1108 0.4612 0.1825 0.4784 0.1825 0.0380 0.0001 0.0146 0.0001 0.0138 0.0001 0.0139 0.0001 0.0399 0.0001 0.2848 0.0001 
 0.0866 0.0001 0.6745 66.6522 0.1021 57.9156 0.2165 66.6522 0.0600 596.6390 0.0653 437.4385 0.1797 0.5307 0.1847 0.5307 0.6203 0.5307 0.6655 0.5307 0.0256 794.7335 0.4908 23.6729 0.1523 0.5307 0.2139 0.5307 0.6894 0.5307 0.7442 0.5307 2.1131 10.9127 1.5808 10.9127 1.5952 10.9127 1.6604 0.0001 0.3984 0.0001 0.3834 0.0001 
 0.0223 0.0001 0.1994 39.8062 0.0200 30.3072 0.0711 39.8062 0.0254 236.2242 0.0267 145.1235 0.1256 0.0001 0.1261 0.0001 0.3848 0.0001 0.3893 0.0001 0.0101 642.5521 0.0240 0.0001 0.1297 0.4937 0.1354 0.0001 0.4746 0.4937 0.5008 0.0001 0.0570 0.0001 0.0177 0.0001 0.0175 0.0001 0.0178 0.0001 0.0298 0.0001 0.1112 0.0001 
 0.0913 0.6140 1.8370 143.6855 0.5793 127.0165 0.6094 143.6855 0.0928 860.0399 0.1119 580.2411 0.6802 1.3628 0.6827 1.3628 3.6286 0.0963 3.4036 0.0963 0.0384 1270.8833 0.3658 11.0476 0.4514 3.6380 0.6642 0.0001 6.8206 3.6380 7.2070 0.0001 8.1764 2.1854 3.5097 2.1854 3.7488 2.1854 4.1899 0.0001 0.9666 0.0001 1.5356 0.0001 
 0.6064 3.7167 8.6772 449.4305 2.4180 364.8736 2.9161 450.7564 0.2033 1805.7956 0.2328 1261.9869 1.2477 16.7451 1.2715 16.6634 7.9602 2.5889 8.0360 2.5889 0.0841 2719.5272 2.7221 36.0754 2.3630 4.2258 3.3877 4.1324 15.6868 2.7506 16.6717 2.6974 32.8585 5.2797 9.5763 5.2797 9.6756 5.2797 11.7887 0.0001 3.3486 0.0001 3.6076 0.0001 
 0.5624 6.0566 14.8314 318.0578 9.3269 240.1315 4.9222 318.0578 0.2536 2075.1992 0.2718 1192.4058 13.3135 4.6263 13.3008 4.6263 18.0708 3.3132 18.0077 3.3132 0.1055 3687.5175 3.9602 53.7494 12.3862 4.7427 13.0106 4.0292 13.3155 2.8489 13.9622 2.1879 18.2866 8.4865 9.8920 8.4865 9.9699 8.4865 10.0618 0.0001 5.1150 0.0001 3.4109 0.0001 
 0.2890 0.0001 1.7233 124.8932 0.8148 53.9689 0.5725 124.8932 0.0891 886.0550 0.0959 610.6467 0.3145 0.7938 0.3221 0.7938 0.6105 0.7938 0.6355 0.7938 0.0371 1493.8371 0.7998 4.9244 0.6117 0.0001 0.8722 0.0001 0.8242 0.0001 1.0891 0.0001 2.2978 0.0001 1.4755 0.0001 1.4734 0.0001 1.4938 0.0001 0.4249 0.0001 0.5743 0.0001 
 0.1807 4.6996 9.0283 461.8465 2.8581 216.3298 3.0316 461.8465 0.1934 1877.0885 0.2044 1193.4924 1.9097 0.8972 1.9061 0.8972 5.5946 0.0806 5.7857 0.0806 0.0825 3309.2325 0.4756 17.5139 1.4198 3.0989 1.5632 2.5042 6.4916 1.9704 6.7736 1.3757 3.1358 0.7687 1.7602 0.7687 1.7715 0.7687 2.1206 0.0001 1.6391 0.0001 1.6106 0.0001 
 0.2515 0.2447 3.0457 117.6885 0.5432 97.3616 1.0524 115.0606 0.1172 771.7822 0.1355 502.0401 0.5874 0.0001 0.5915 0.0001 2.7762 0.0001 2.7078 0.0001 0.0484 1823.3506 0.8160 12.3039 0.6724 0.7855 0.9510 0.1033 1.7537 0.6822 2.0880 0.0001 3.5255 1.8590 2.7193 1.8590 2.6558 1.8590 2.8704 0.0001 0.6948 0.0001 1.3654 0.0001 
 0.1343 0.0001 2.7933 205.6737 0.6277 137.1565 0.9250 205.6737 0.1042 947.4423 0.1174 484.7511 0.6442 0.0001 0.6501 0.0001 8.7673 0.8890 8.0756 0.8890 0.0446 2035.4019 0.1967 11.6048 0.5761 0.9324 0.6291 0.0001 10.2970 0.9324 10.5254 0.0001 1.7134 2.1108 0.8790 2.1108 0.9023 2.1108 1.0132 0.0001 1.8934 0.0001 1.3067 0.0001 
 0.1674 0.8542 3.8478 392.7003 0.9287 273.8013 1.2960 392.7003 0.1380 1389.5764 0.1491 1023.3178 0.6635 1.5119 0.6700 1.5119 2.0325 0.6577 1.9435 0.6577 0.0563 2095.9387 0.8874 70.6115 0.6335 1.0483 0.7440 0.8542 2.8979 0.7961 3.0142 0.6019 8.6946 13.3843 4.4890 13.3843 4.5563 13.3843 5.2565 0.0001 1.5957 0.0001 1.8839 0.0001 
 1.7547 9.1968 8.3809 343.6844 4.0590 280.1392 2.8319 343.6844 0.2032 1895.5952 0.2431 1238.1429 5.0342 6.3022 5.0425 6.3022 13.2201 3.8255 13.5583 3.8255 0.0833 2870.4612 29.4271 50.1609 5.3095 18.3779 6.3521 13.8262 39.1120 2.9957 40.0687 2.9957 70.5521 13.2029 34.6164 13.2029 33.3617 13.2029 34.9743 0.0001 9.0965 0.0001 8.5706 0.0001 
 0.1234 1.6439 3.2244 457.0073 0.5682 290.5709 1.1031 457.0073 0.1136 1212.5988 0.1199 715.6096 0.7861 0.7064 0.7868 0.7064 16.0516 0.0001 16.1470 0.0001 0.0478 2244.6956 0.1913 14.5469 1.6992 0.0001 1.7349 0.0001 21.1279 0.3886 21.5038 0.3886 2.8113 19.4091 1.6831 19.4091 1.7864 18.5483 2.1148 0.0001 2.6057 0.0001 1.3795 0.0001 
 0.0513 0.0001 1.7784 274.3298 0.1591 57.6998 0.5977 274.3298 0.0805 577.9662 0.0860 358.9037 0.4553 0.0001 0.4560 0.0001 3.7453 0.0001 3.6768 0.0001 0.0340 1722.3707 0.0876 2.6555 0.2152 0.9456 0.2351 0.1480 2.8376 0.0001 2.8782 0.0001 0.2593 1.5770 0.1113 1.5770 0.1282 1.5770 0.1310 0.0001 0.2883 0.0001 0.4365 0.0001 
 0.5723 2.3248 2.0496 113.7712 0.6518 100.1026 0.6927 113.7712 0.1024 888.0908 0.1117 669.1468 0.9266 3.2920 0.9392 3.2920 4.5491 3.2920 4.2127 3.2920 0.0429 1625.4094 4.5952 27.1532 0.8265 15.4770 2.7468 11.4694 7.9792 3.0106 8.7268 3.0106 18.5519 11.3255 8.6737 11.3255 8.5075 11.3255 8.8546 0.0001 5.4734 0.0001 4.8152 0.0001 
 0.1116 3.3742 6.1344 537.5033 2.2393 331.2258 2.1778 538.2524 0.1495 1224.1774 0.1567 773.2590 1.1952 0.9476 1.1987 0.9476 5.7135 0.9476 5.5160 0.9476 0.0632 3397.3995 0.2338 21.0536 0.9577 2.3168 1.0043 1.9697 4.4517 1.3167 4.3849 1.3167 1.1773 5.7136 0.5383 5.7136 0.5815 5.7136 0.7428 0.0001 0.4164 0.0001 0.5379 0.0001 
 0.1221 1.8557 4.4968 263.1774 0.6002 84.7534 1.5209 263.1774 0.1178 1060.0639 0.1224 444.4905 0.8826 0.5681 0.8829 0.5681 2.0659 0.0001 2.2005 0.0001 0.0507 3735.2257 0.2383 7.9914 1.6244 0.4308 1.6692 0.4308 2.5140 0.4308 2.5499 0.4308 0.6368 3.6646 0.3190 3.6646 0.3279 3.6646 0.8171 0.0001 0.7702 0.0001 0.9059 0.0001 
 0.1624 0.4702 6.1151 202.9813 0.3331 42.2902 1.8915 202.9813 0.2009 2209.3688 0.2064 2077.0780 0.5067 0.0001 0.5139 0.0001 1.4848 0.0001 1.5868 0.0001 0.0751 2004.9618 0.2826 3.4164 0.3530 0.4702 0.4212 0.4702 1.3262 0.0001 1.4338 0.0001 6.0642 1.8671 2.8785 1.8671 2.8447 1.8671 3.0685 0.0001 0.7277 0.0001 0.5618 0.0001 
 0.4057 1.1285 3.5119 208.8212 1.2589 125.7977 1.1437 208.8212 0.1346 1433.9470 0.1515 1028.3494 1.0212 3.7595 1.0330 3.7595 2.2637 0.0001 2.2891 0.0001 0.0542 2182.3808 9.1055 27.5509 1.8316 0.5392 2.0882 0.5392 2.0713 4.0884 2.4349 0.2445 17.5041 0.0001 7.6121 0.0001 7.7757 0.0001 7.8055 0.0001 2.1208 0.0001 2.4217 0.0001 
 0.2489 1.2801 2.8676 274.6804 1.0929 241.5059 0.9553 274.6804 0.1104 902.8074 0.1180 587.3426 0.5937 0.0001 0.5970 0.0001 1.0304 0.0001 1.0531 0.0001 0.0465 1882.3675 0.3141 12.8580 0.7802 0.0001 0.9241 0.0001 1.6825 0.0001 1.8580 0.0001 4.3660 0.0001 2.3905 0.0001 2.4177 0.0001 2.3188 0.0001 1.5651 0.0001 1.2226 0.0001 
 0.0916 0.5022 2.8977 405.5325 1.5699 237.3111 0.9945 399.2144 0.1035 996.1264 0.1081 567.8955 0.5561 0.0001 0.5604 0.0001 3.2219 0.0001 3.4995 0.0001 0.0433 2562.2568 0.1197 11.3015 0.7633 2.5040 0.8031 1.6232 2.3173 2.5040 2.3952 1.6232 0.6288 1.5015 0.1721 1.5015 0.1819 1.5015 0.4836 0.0001 0.3093 0.0001 0.4731 0.0001 
 0.0959 2.6433 3.1576 401.5436 0.3737 232.8063 1.0933 401.5436 0.1093 1054.7444 0.1144 655.4163 0.8915 0.0001 0.8987 0.0001 1.6111 0.0001 1.6060 0.0001 0.0455 2154.6219 0.1558 17.4420 0.6232 2.1385 0.6683 1.5726 3.5300 1.5021 3.8453 1.5021 1.2465 0.0001 0.5578 0.0001 0.5521 0.0001 0.5631 0.0001 1.1753 0.0001 0.5159 0.0001 
